0 0 6144
48 0 6144
96 0 6144
144 0 6144
192 0 6144
240 0 6144
0 48 6144
48 48 6144
96 48 6144
144 48 6144
192 48 6144
240 48 6144
0 96 6144
48 96 6144
96 96 6144
144 96 6144
192 96 6144
240 96 6144
288 96 6144
336 96 6144
384 96 6144
432 96 6144
480 96 6144
0 96 6240
48 96 6240
0 96 6288
48 96 6288
96 96 6288
0 96 6336
48 96 6336
96 96 6336
48 96 6384
0 144 6144
48 144 6144
96 144 6144
144 144 6144
192 144 6144
240 144 6144
288 144 6144
336 144 6144
384 144 6144
432 144 6144
480 144 6144
48 144 6192
0 144 6240
48 144 6240
96 144 6240
0 144 6288
48 144 6288
96 144 6288
0 144 6336
48 144 6336
96 144 6336
0 144 6384
48 144 6384
96 144 6384
0 192 6144
48 192 6144
96 192 6144
144 192 6144
192 192 6144
240 192 6144
288 192 6144
336 192 6144
384 192 6144
432 192 6144
480 192 6144
0 192 6240
48 192 6240
96 192 6240
0 192 6288
48 192 6288
96 192 6288
48 192 6336
96 192 6336
48 192 6384
0 240 6144
48 240 6144
96 240 6144
144 240 6144
192 240 6144
240 240 6144
288 240 6144
336 240 6144
384 240 6144
432 240 6144
480 240 6144
384 240 6192
0 240 6240
48 240 6240
96 240 6240
384 240 6240
0 240 6288
48 240 6288
96 240 6288
192 240 6480
240 240 6480
288 240 6480
336 240 6480
384 240 6480
0 288 6144
48 288 6144
96 288 6144
144 288 6144
192 288 6144
240 288 6144
288 288 6144
336 288 6144
384 288 6144
240 288 6192
336 288 6192
384 288 6192
432 288 6192
240 288 6240
336 288 6240
384 288 6240
240 288 6288
288 288 6288
336 288 6288
384 288 6288
288 288 6336
144 288 6480
192 288 6480
240 288 6480
288 288 6480
336 288 6480
384 288 6480
432 288 6480
240 288 6528
288 288 6528
336 288 6528
240 288 6624
288 288 6624
336 288 6624
144 336 6144
240 336 6144
288 336 6144
336 336 6144
384 336 6144
240 336 6192
432 336 6192
240 336 6240
432 336 6240
240 336 6288
432 336 6288
240 336 6336
288 336 6336
336 336 6336
384 336 6336
288 336 6384
144 336 6480
192 336 6480
240 336 6480
288 336 6480
336 336 6480
384 336 6480
432 336 6480
192 336 6528
240 336 6528
288 336 6528
336 336 6528
384 336 6528
288 336 6576
192 336 6624
240 336 6624
288 336 6624
336 336 6624
384 336 6624
288 336 6672
288 336 6768
144 384 6144
240 384 6144
288 384 6144
336 384 6144
384 384 6144
432 384 6144
240 384 6192
432 384 6192
240 384 6288
432 384 6288
240 384 6336
288 384 6336
336 384 6336
384 384 6336
240 384 6384
288 384 6384
336 384 6384
288 384 6432
144 384 6480
192 384 6480
240 384 6480
288 384 6480
336 384 6480
384 384 6480
432 384 6480
192 384 6528
240 384 6528
288 384 6528
336 384 6528
384 384 6528
240 384 6576
288 384 6576
336 384 6576
192 384 6624
240 384 6624
288 384 6624
336 384 6624
384 384 6624
240 384 6672
288 384 6672
336 384 6672
288 384 6720
240 384 6768
288 384 6768
336 384 6768
288 384 6816
144 432 6144
240 432 6144
288 432 6144
336 432 6144
384 432 6144
432 432 6144
240 432 6192
432 432 6192
240 432 6240
432 432 6240
240 432 6288
432 432 6288
240 432 6336
336 432 6336
384 432 6336
432 432 6336
240 432 6384
288 432 6384
336 432 6384
144 432 6480
192 432 6480
240 432 6480
288 432 6480
336 432 6480
384 432 6480
432 432 6480
192 432 6528
240 432 6528
288 432 6528
336 432 6528
384 432 6528
288 432 6576
192 432 6624
240 432 6624
288 432 6624
336 432 6624
384 432 6624
288 432 6672
288 432 6768
144 480 6144
240 480 6144
288 480 6144
336 480 6144
384 480 6144
432 480 6144
240 480 6192
288 480 6192
336 480 6192
384 480 6192
432 480 6192
240 480 6240
288 480 6240
384 480 6240
432 480 6240
240 480 6288
288 480 6288
336 480 6288
384 480 6288
432 480 6288
240 480 6336
288 480 6336
336 480 6336
384 480 6336
432 480 6336
240 480 6384
288 480 6384
336 480 6384
144 480 6480
192 480 6480
240 480 6480
288 480 6480
336 480 6480
384 480 6480
432 480 6480
240 480 6528
288 480 6528
336 480 6528
240 480 6624
288 480 6624
336 480 6624
144 528 6144
192 528 6480
240 528 6480
288 528 6480
336 528 6480
384 528 6480
144 576 6144
